Notiz Teachen


- Vorpositionierung befindet sich immer 35mm Z Höhe über dem Stern:

Vorpositionierungen:
q_A_grad = [-108.5619363287691, -81.65185843294344, 110.78245131850774, -119.64048950215142, -89.83020400171165, 197.19187801782357]
q_B_grad = [-18.568798164406786, -102.02634004784817, 130.23614830121386, -118.45982300222303, -89.99911457988607, 105.83953220862873]
q_C_grad= [64.82464239367401, -83.24107952826533, 112.08638907257654, -118.77119766610556, -89.56034322760445, 23.495287254237336]
q_D_grad = [83.26450707711847, -70.03654801344648, 94.84058489002288, -114.44396546838983, -89.49030646785513, 96.58492641158493]
q_E_grad = [102.50053959135464, -79.84185830289006, 108.02177081825863, -118.00971353591919, -88.89017872662113, 75.96944157181632]


Vorpositionierung 2022-11-14 (nach Softwareupdate inkl. Antriebe durch Yuanda)
q_A_deg = [-108.77170509855853, -81.75966613880293, 110.9101485352303, -119.6610893526882, -89.83225305846265, 197.400963768696]
q_B_deg = [-18.880200149046008, -101.96077023181604, 130.1877359203768, -118.4769804374181, -90.00048061772007, 106.15092736307878]
q_B_turn_deg = [-18.880200149046008, -101.96077023181604, 130.1877359203768, -118.4769804374181, -90.00048061772007, 106.15092736307878-90]
q_C_deg= [64.68662476111557, -83.25859213329724, 112.10663375327645, -118.7749952512841, -89.56034322760445, 23.632956547148115]
q_D_deg = [83.1646019001287, -70.16667677751356, 95.02632505431221, -114.49888018931674, -89.49030646785513, 6.6855355817888125]
q_E_deg = [102.42500452932346, -79.96133197185193, 108.16769097968678, -118.03788123605632, -88.88983721716264, -13.955377625372938]

Backup-Behaelter: q_backup_deg = [-162.26, -108.79, 134.67, -115.89, -90, 72.26]


Behälter
-Z1 =75
- Z2 = 75
- Z3 = 77
- Z4 = 78
- Z5 = 77
